0.00000 0.24005 0.23554 0.46839 0.46555 0.46590 0.36756 0.36540 0.36746 0.35420 0.35901 0.35052
0.24005 0.00000 0.34318 0.46776 0.46542 0.46310 0.36768 0.36577 0.36404 0.35223 0.35674 0.34460
0.23554 0.34318 0.00000 0.46756 0.46515 0.46559 0.36760 0.36530 0.36823 0.35582 0.36110 0.35264
0.46839 0.46776 0.46756 0.00000 0.30730 0.30422 0.46805 0.46862 0.46776 0.46926 0.46997 0.46748
0.46555 0.46542 0.46515 0.30730 0.00000 0.45821 0.46007 0.45980 0.46639 0.46723 0.46722 0.46673
0.46590 0.46310 0.46559 0.30422 0.45821 0.00000 0.46689 0.46717 0.46302 0.46735 0.46947 0.46252
0.36756 0.36768 0.36760 0.46805 0.46007 0.46689 0.00000 0.21550 0.22199 0.36937 0.37162 0.36828
0.36540 0.36577 0.36530 0.46862 0.45980 0.46717 0.21550 0.00000 0.31342 0.36833 0.36963 0.36707
0.36746 0.36404 0.36823 0.46776 0.46639 0.46302 0.22199 0.31342 0.00000 0.37018 0.37205 0.36371
0.35420 0.35223 0.35582 0.46926 0.46723 0.46735 0.36937 0.36833 0.37018 0.00000 0.24492 0.24774
0.35901 0.35674 0.36110 0.46997 0.46722 0.46947 0.37162 0.36963 0.37205 0.24492 0.00000 0.35864
0.35052 0.34460 0.35264 0.46748 0.46673 0.46252 0.36828 0.36707 0.36371 0.24774 0.35864 0.00000
